  EUV fluxes summed into user specified bins
 Bin     WL_LO    WL_HI    Ave_A    Ave_nm  Flux(ph/cm2/s)   Flux(W/m2/nm)
    1     0.00    10.00     5.00     0.50      1.000E+01      3.972E-11
    2    10.00    20.00    15.00     1.50      7.200E+06      9.532E-06
    3    20.00    30.00    25.00     2.50      2.496E+07      1.983E-05
    4    30.00    40.00    35.00     3.50      8.400E+06      4.766E-06
    5    40.00    50.00    45.00     4.50      4.944E+07      2.182E-05
    6    50.00    60.00    55.00     5.50      1.548E+08      5.589E-05
    7    60.00    70.00    65.00     6.50      1.952E+08      5.965E-05
    8    70.00    80.00    75.00     7.50      2.113E+08      5.594E-05
    9    80.00    90.00    85.00     8.50      2.927E+08      6.839E-05
   10    90.00   100.00    95.00     9.50      2.652E+08      5.543E-05
   11   100.00   110.00   105.00    10.50      1.375E+08      2.600E-05
   12   110.00   120.00   115.00    11.50      4.898E+07      8.458E-06
   13   120.00   130.00   125.00    12.50      4.067E+07      6.462E-06
   14   130.00   140.00   135.00    13.50      2.463E+07      3.624E-06
   15   140.00   150.00   145.00    14.50      1.770E+08      2.424E-05
   16   150.00   160.00   155.00    15.50      1.495E+08      1.916E-05
   17   160.00   170.00   165.00    16.50      2.112E+08      2.542E-05
   18   170.00   180.00   175.00    17.50      1.432E+09      1.624E-04
   19   180.00   190.00   185.00    18.50      1.441E+09      1.547E-04
   20   190.00   200.00   195.00    19.50      1.102E+09      1.122E-04
   21   200.00   210.00   205.00    20.50      5.117E+08      4.957E-05
   22   210.00   220.00   215.00    21.50      4.659E+08      4.304E-05
   23   220.00   230.00   225.00    22.50      4.694E+08      4.143E-05
   24   230.00   240.00   235.00    23.50      3.620E+08      3.059E-05
   25   240.00   250.00   245.00    24.50      9.312E+08      7.548E-05
   26   250.00   260.00   255.00    25.50      1.086E+09      8.454E-05
   27   260.00   270.00   265.00    26.50      1.697E+08      1.272E-05
   28   270.00   280.00   275.00    27.50      3.541E+08      2.557E-05
   29   280.00   290.00   285.00    28.50      2.113E+08      1.472E-05
   30   290.00   300.00   295.00    29.50      1.874E+08      1.261E-05
   31   300.00   310.00   305.00    30.50      7.427E+09      4.836E-04
   32   310.00   320.00   315.00    31.50      3.690E+08      2.327E-05
   33   320.00   330.00   325.00    32.50      1.968E+07      1.203E-06
   34   330.00   340.00   335.00    33.50      1.120E+08      6.639E-06
   35   340.00   350.00   345.00    34.50      4.232E+08      2.436E-05
   36   350.00   360.00   355.00    35.50      8.800E+07      4.923E-06
   37   360.00   370.00   365.00    36.50      7.748E+08      4.215E-05
   38   370.00   380.00   375.00    37.50      1.000E+01      5.296E-13
   39   380.00   390.00   385.00    38.50      1.000E+01      5.158E-13
   40   390.00   400.00   395.00    39.50      1.120E+07      5.631E-07
   41   400.00   410.00   405.00    40.50      1.534E+08      7.523E-06
   42   410.00   420.00   415.00    41.50      2.573E+07      1.231E-06
   43   420.00   430.00   425.00    42.50      2.287E+06      1.069E-07
   44   430.00   440.00   435.00    43.50      1.782E+08      8.135E-06
   45   440.00   450.00   445.00    44.50      5.470E+06      2.441E-07
   46   450.00   460.00   455.00    45.50      8.454E+06      3.690E-07
   47   460.00   470.00   465.00    46.50      2.902E+08      1.239E-05
   48   470.00   480.00   475.00    47.50      2.353E+07      9.838E-07
   49   480.00   490.00   485.00    48.50      4.837E+07      1.981E-06
   50   490.00   500.00   495.00    49.50      1.549E+08      6.214E-06
   51   500.00   510.00   505.00    50.50      1.528E+08      6.009E-06
   52   510.00   520.00   515.00    51.50      2.786E+07      1.074E-06
   53   520.00   530.00   525.00    52.50      1.237E+08      4.679E-06
   54   530.00   540.00   535.00    53.50      1.133E+08      4.207E-06
   55   540.00   550.00   545.00    54.50      1.000E+01      3.644E-13
   56   550.00   560.00   555.00    55.50      7.886E+08      2.822E-05
   57   560.00   570.00   565.00    56.50      1.299E+08      4.566E-06
   58   570.00   580.00   575.00    57.50      1.000E+01      3.454E-13
   59   580.00   590.00   585.00    58.50      1.228E+09      4.170E-05
   60   590.00   600.00   595.00    59.50      1.367E+08      4.564E-06
   61   600.00   610.00   605.00    60.50      4.759E+08      1.562E-05
   62   610.00   620.00   615.00    61.50      2.549E+07      8.231E-07
   63   620.00   630.00   625.00    62.50      1.781E+09      5.659E-05
   64   630.00   640.00   635.00    63.50      1.526E+06      4.774E-08
   65   640.00   650.00   645.00    64.50      6.473E+07      1.993E-06
   66   650.00   660.00   655.00    65.50      2.216E+07      6.719E-07
   67   660.00   670.00   665.00    66.50      2.382E+07      7.112E-07
   68   670.00   680.00   675.00    67.50      7.608E+06      2.238E-07
   69   680.00   690.00   685.00    68.50      1.578E+08      4.574E-06
   70   690.00   700.00   695.00    69.50      1.157E+07      3.307E-07
   71   700.00   710.00   705.00    70.50      3.625E+08      1.021E-05
   72   710.00   720.00   715.00    71.50      6.582E+07      1.828E-06
   73   720.00   730.00   725.00    72.50      1.600E+07      4.383E-07
   74   730.00   740.00   735.00    73.50      2.070E+07      5.592E-07
   75   740.00   750.00   745.00    74.50      2.656E+07      7.081E-07
   76   750.00   760.00   755.00    75.50      9.243E+07      2.431E-06
   77   760.00   770.00   765.00    76.50      3.521E+08      9.140E-06
   78   770.00   780.00   775.00    77.50      3.090E+08      7.919E-06
   79   780.00   790.00   785.00    78.50      5.812E+08      1.470E-05
   80   790.00   800.00   795.00    79.50      5.168E+08      1.291E-05
   81   800.00   810.00   805.00    80.50      1.116E+08      2.754E-06
   82   810.00   820.00   815.00    81.50      1.435E+08      3.498E-06
   83   820.00   830.00   825.00    82.50      1.850E+08      4.452E-06
   84   830.00   840.00   835.00    83.50      8.389E+08      1.995E-05
   85   840.00   850.00   845.00    84.50      3.059E+08      7.189E-06
   86   850.00   860.00   855.00    85.50      3.876E+08      9.003E-06
   87   860.00   870.00   865.00    86.50      4.982E+08      1.144E-05
   88   870.00   880.00   875.00    87.50      6.407E+08      1.454E-05
   89   880.00   890.00   885.00    88.50      8.240E+08      1.849E-05
   90   890.00   900.00   895.00    89.50      1.061E+09      2.354E-05
   91   900.00   910.00   905.00    90.50      1.475E+09      3.236E-05
   92   910.00   920.00   915.00    91.50      3.363E+08      7.299E-06
   93   920.00   930.00   925.00    92.50      2.661E+08      5.713E-06
   94   930.00   940.00   935.00    93.50      4.330E+08      9.198E-06
   95   940.00   950.00   945.00    94.50      3.963E+08      8.327E-06
   96   950.00   960.00   955.00    95.50      4.782E+07      9.944E-07
   97   960.00   970.00   965.00    96.50      5.725E+07      1.178E-06
   98   970.00   980.00   975.00    97.50      4.942E+09      1.007E-04
   99   980.00   990.00   985.00    98.50      2.474E+08      4.987E-06
  100   990.00  1000.00   995.00    99.50      4.289E+08      8.561E-06
  101  1000.00  1010.00  1005.00   100.50      1.177E+08      2.326E-06
  102  1010.00  1020.00  1015.00   101.50      2.188E+08      4.282E-06
  103  1020.00  1030.00  1025.00   102.50      3.554E+09      6.885E-05
  104  1030.00  1040.00  1035.00   103.50      3.680E+09      7.061E-05
  105  1040.00  1050.00  1045.00   104.50      2.419E+08      4.597E-06
  106  1050.00  1060.00  1055.00   105.50      1.382E+08      2.601E-06
