    #  Ave-WL   Flux(ph/cm2/s) in Torr 37 wavelength bins
     1 1025.00  3.12E+09
     2 1031.91  2.84E+09
     3 1025.72  4.67E+09
     4  975.00  1.88E+09
     5  977.02  5.53E+09
     6  925.00  4.12E+09
     7  875.00  4.71E+09
     8  825.00  2.11E+09
     9  775.00  9.92E+08
    10  789.36  8.68E+08
    11  770.41  4.75E+08
    12  765.15  2.18E+08
    13  725.00  1.84E+08
    14  703.36  4.31E+08
    15  675.00  2.91E+08
    16  625.00  6.03E+08
    17  629.73  1.93E+09
    18  609.76  1.08E+09
    19  575.00  4.43E+08
    20  584.33  1.69E+09
    21  554.31  8.72E+08
    22  525.00  7.07E+08
    23  475.00  6.37E+08
    24  465.22  4.30E+08
    25  425.00  5.65E+08
    26  375.00  1.05E+09
    27  368.07  9.26E+08
    28  325.00  2.34E+09
    29  303.78  8.38E+09
    30  303.31  2.09E+09
    31  275.00  4.55E+09
    32  284.15  2.08E+09
    33  256.32  6.34E+08
    34  225.00  7.05E+09
    35  175.00  8.82E+09
    36  125.00  6.55E+08
    37   75.00  1.97E+09
